0.000000000000e+00 1.000000000000e+00
1.001669449082e+00 9.978950424621e-01
2.003338898164e+00 9.957900849241e-01
3.005008347245e+00 9.936851273862e-01
4.006677796327e+00 9.915801698483e-01
5.008347245409e+00 9.894752123104e-01
6.010016694491e+00 9.863347124434e-01
7.011686143573e+00 9.821247973676e-01
8.013355592654e+00 9.779148822917e-01
9.015025041736e+00 9.737049672159e-01
1.001669449082e+01 9.694950521400e-01
1.101836393990e+01 9.652851370642e-01
1.202003338898e+01 9.631463066463e-01
1.302170283806e+01 9.597638576371e-01
1.402337228715e+01 9.550700442767e-01
1.502504173623e+01 9.487551716629e-01
1.602671118531e+01 9.424402990491e-01
1.702838063439e+01 9.371270958844e-01
1.803005008347e+01 9.329171808086e-01
1.903171953255e+01 9.287072657327e-01
2.003338898164e+01 9.214584694297e-01
2.103505843072e+01 9.144903341318e-01
2.203672787980e+01 9.102804190559e-01
2.303839732888e+01 9.060705039801e-01
2.404006677796e+01 8.993733517215e-01
2.504173622705e+01 8.918535723791e-01
2.604340567613e+01 8.876436573032e-01
2.704507512521e+01 8.816723524715e-01
2.804674457429e+01 8.753574798577e-01
2.904841402337e+01 8.690426072440e-01
3.005008347245e+01 8.627277346302e-01
3.105175292154e+01 8.549272942827e-01
3.205342237062e+01 8.478914132249e-01
3.305509181970e+01 8.436814981491e-01
3.405676126878e+01 8.374682441751e-01
3.505843071786e+01 8.299436258498e-01
3.606010016694e+01 8.215237956981e-01
3.706176961603e+01 8.131039655464e-01
3.806343906511e+01 8.081391691466e-01
3.906510851419e+01 8.020614066923e-01
4.006677796327e+01 7.937819070431e-01
4.106844741235e+01 7.874670344294e-01
4.207011686144e+01 7.811521618156e-01
4.307178631052e+01 7.754953908688e-01
4.407345575960e+01 7.712854757930e-01
4.507512520868e+01 7.631366286807e-01
4.607679465776e+01 7.558926713605e-01
4.707846410684e+01 7.491955191019e-01
4.808013355593e+01 7.407756889502e-01
4.908180300501e+01 7.357431467905e-01
5.008347245409e+01 7.306331809054e-01
5.108514190317e+01 7.241053930464e-01
5.208681135225e+01 7.135806053568e-01
5.308848080134e+01 7.058914616148e-01
5.409015025042e+01 6.995765890010e-01
5.509181969950e+01 6.932617163872e-01
5.609348914858e+01 6.888824369118e-01
5.709515859766e+01 6.835305218843e-01
5.809682804674e+01 6.772156492705e-01
5.909849749583e+01 6.709007766567e-01
6.010016694491e+01 6.629261329269e-01
6.110183639399e+01 6.545063027752e-01
6.210350584307e+01 6.462316421088e-01
6.310517529215e+01 6.420217270330e-01
6.410684474124e+01 6.350439137693e-01
6.510851419032e+01 6.278047954320e-01
6.611018363940e+01 6.235948803561e-01
6.711185308848e+01 6.136798045051e-01
6.811352253756e+01 6.075875251022e-01
6.911519198664e+01 6.042244320244e-01
7.011686143573e+01 5.936996443348e-01
7.111853088481e+01 5.864266531175e-01
7.212020033389e+01 5.801117805037e-01
7.312186978297e+01 5.737969078900e-01
7.412353923205e+01 5.674820352762e-01
7.512520868114e+01 5.611671626624e-01
7.612687813022e+01 5.548522900486e-01
7.712854757930e+01 5.485374174349e-01
7.813021702838e+01 5.440903921996e-01
7.913188647746e+01 5.377319687402e-01
8.013355592654e+01 5.298734605986e-01
8.113522537563e+01 5.256635455227e-01
8.213689482471e+01 5.230456558032e-01
8.313856427379e+01 5.193438339261e-01
8.414023372287e+01 5.130338002952e-01
8.514190317195e+01 5.088238852193e-01
8.614357262104e+01 5.032977668094e-01
8.714524207012e+01 4.975055043430e-01
8.814691151920e+01 4.932955892671e-01
8.914858096828e+01 4.872516996927e-01
9.015025041736e+01 4.809368270789e-01
9.115191986644e+01 4.746219544652e-01
9.215358931553e+01 4.683070818514e-01
9.315525876461e+01 4.619922092376e-01
9.415692821369e+01 4.564418959135e-01
9.515859766277e+01 4.522319808376e-01
9.616026711185e+01 4.459461421209e-01
9.716193656093e+01 4.421959304154e-01
9.816360601002e+01 4.391134983426e-01
9.916527545910e+01 4.327986257289e-01
1.001669449082e+02 4.264837531151e-01
1.011686143573e+02 4.211753889332e-01
1.021702838063e+02 4.165396433670e-01
1.031719532554e+02 4.081198132153e-01
1.041736227045e+02 4.027485422564e-01
1.051752921536e+02 3.978079407709e-01
1.061769616027e+02 3.914930681571e-01
1.071786310518e+02 3.872202463042e-01
1.081803005008e+02 3.830103312284e-01
1.091819699499e+02 3.783455517650e-01
1.101836393990e+02 3.720306791512e-01
1.111853088481e+02 3.657158065375e-01
1.121869782972e+02 3.594009339237e-01
1.131886477462e+02 3.529070189446e-01
1.141903171953e+02 3.444871887929e-01
1.151919866444e+02 3.390481720742e-01
1.161936560935e+02 3.348382569984e-01
1.171953255426e+02 3.306283419225e-01
1.181969949917e+02 3.224020710847e-01
1.191986644407e+02 3.164114103216e-01
1.202003338898e+02 3.117805037381e-01
1.212020033389e+02 3.054656311243e-01
1.222036727880e+02 3.026154702282e-01
1.232053422371e+02 2.986329873461e-01
1.242070116861e+02 2.926084537030e-01
1.252086811352e+02 2.905034961651e-01
1.262103505843e+02 2.869420047906e-01
1.272120200334e+02 2.820691490649e-01
1.282136894825e+02 2.757542764511e-01
1.292153589316e+02 2.733880138395e-01
1.302170283806e+02 2.689216326728e-01
1.312186978297e+02 2.629938786867e-01
1.322203672788e+02 2.587839636108e-01
1.332220367279e+02 2.545740485350e-01
1.342237061770e+02 2.512690232513e-01
1.352253756260e+02 2.489414725025e-01
1.362270450751e+02 2.426265998887e-01
1.372287145242e+02 2.391570491883e-01
1.382303839733e+02 2.370520916503e-01
1.392320534224e+02 2.349471341124e-01
1.402337228715e+02 2.309017444533e-01
1.412353923205e+02 2.278386683119e-01
1.422370617696e+02 2.257337107740e-01
1.432387312187e+02 2.236287532361e-01
1.442404006678e+02 2.215237956981e-01
1.452420701169e+02 2.194188381602e-01
1.462437395659e+02 2.173913043478e-01
1.472454090150e+02 2.173913043478e-01
1.482470784641e+02 2.146137281943e-01
1.492487479132e+02 2.109990080085e-01
1.502504173623e+02 2.088940504706e-01
1.512520868114e+02 2.029759744502e-01
1.522537562604e+02 1.977740678909e-01
1.532554257095e+02 1.938835256829e-01
1.542570951586e+02 1.917785681450e-01
1.552587646077e+02 1.896736106071e-01
1.562604340568e+02 1.875686530691e-01
1.572621035058e+02 1.854201446856e-01
1.582637729549e+02 1.812102296097e-01
1.592654424040e+02 1.783552297307e-01
1.602671118531e+02 1.751276281726e-01
1.612687813022e+02 1.688127555588e-01
1.622704507513e+02 1.662432556677e-01
1.632721202003e+02 1.652173913043e-01
1.642737896494e+02 1.649318913164e-01
1.652754590985e+02 1.628269337785e-01
1.662771285476e+02 1.607219762406e-01
1.672787979967e+02 1.594202898551e-01
1.682804674457e+02 1.594009339237e-01
1.692821368948e+02 1.551910188478e-01
1.702838063439e+02 1.509811037720e-01
1.712854757930e+02 1.472986378263e-01
1.722871452421e+02 1.451936802884e-01
1.732888146912e+02 1.430887227505e-01
1.742904841402e+02 1.409837652126e-01
1.752921535893e+02 1.388788076746e-01
1.762938230384e+02 1.367738501367e-01
1.772954924875e+02 1.346688925988e-01
1.782971619366e+02 1.325639350609e-01
1.792988313856e+02 1.304589775229e-01
1.803005008347e+02 1.262732573613e-01
1.813021702838e+02 1.233505117224e-01
1.823038397329e+02 1.212455541845e-01
1.833055091820e+02 1.191405966466e-01
1.843071786311e+02 1.170356391087e-01
1.853088480801e+02 1.149306815707e-01
1.863105175292e+02 1.130434782609e-01
1.873121869783e+02 1.130434782609e-01
1.883138564274e+02 1.115143596816e-01
1.893155258765e+02 1.086738767511e-01
1.903171953255e+02 1.044639616753e-01
1.913188647746e+02 1.023009363432e-01
1.923205342237e+02 1.001959788053e-01
1.933222036728e+02 9.855072463768e-02
1.943238731219e+02 9.855072463768e-02
1.953255425710e+02 9.855072463768e-02
1.963272120200e+02 9.757325010283e-02
1.973288814691e+02 9.546829256490e-02
1.983305509182e+02 9.336333502698e-02
1.993322203673e+02 9.424886888776e-02
2.003338898164e+02 9.495052140040e-02
2.013355592654e+02 9.284556386248e-02
2.023372287145e+02 9.275362318841e-02
2.033388981636e+02 9.275362318841e-02
2.043405676127e+02 9.232779269797e-02
2.053422370618e+02 9.022283516005e-02
2.063439065109e+02 8.985507246377e-02
2.073455759599e+02 8.891147080884e-02
2.083472454090e+02 8.695652173913e-02
2.093489148581e+02 8.695652173913e-02
2.103505843072e+02 8.549514891970e-02
2.113522537563e+02 8.272241174905e-02
2.123539232053e+02 7.851249667320e-02
2.133555926544e+02 7.430258159735e-02
2.143572621035e+02 7.127821731872e-02
2.153589315526e+02 6.917325978079e-02
2.163606010017e+02 6.706830224287e-02
2.173622704508e+02 6.155670078150e-02
2.183639398998e+02 5.615155694273e-02
2.193656093489e+02 5.194164186688e-02
2.203672787980e+02 4.773172679103e-02
2.213689482471e+02 4.494931165469e-02
2.223706176962e+02 4.347826086957e-02
2.233722871452e+02 4.347826086957e-02
2.243739565943e+02 4.153298976555e-02
2.253756260434e+02 3.942803222763e-02
2.263772954925e+02 3.696498995911e-02
2.273789649416e+02 3.275507488326e-02
2.283806343907e+02 3.021460888921e-02
2.293823038397e+02 2.810965135129e-02
2.303839732888e+02 2.608695652174e-02
2.313856427379e+02 2.608695652174e-02
2.323873121870e+02 2.608695652174e-02
2.333889816361e+02 2.548692264886e-02
2.343906510851e+02 2.338196511093e-02
2.353923205342e+02 2.318840579710e-02
2.363939899833e+02 2.318840579710e-02
2.373956594324e+02 2.286419394643e-02
2.383973288815e+02 2.075923640851e-02
2.393989983306e+02 2.028985507246e-02
2.404006677796e+02 2.028985507246e-02
2.414023372287e+02 2.028985507246e-02
2.424040066778e+02 2.028985507246e-02
2.434056761269e+02 1.893010089279e-02
2.444073455760e+02 1.739130434783e-02
2.454090150250e+02 1.739130434783e-02
2.464106844741e+02 1.739130434783e-02
2.474123539232e+02 1.739130434783e-02
2.484140233723e+02 1.739130434783e-02
2.494156928214e+02 1.739130434783e-02
2.504173622705e+02 1.578960102586e-02
2.514190317195e+02 1.449275362319e-02
2.524207011686e+02 1.449275362319e-02
2.534223706177e+02 1.449275362319e-02
2.544240400668e+02 1.449275362319e-02
2.554257095159e+02 1.396046551015e-02
2.564273789649e+02 1.185550797222e-02
2.574290484140e+02 1.159420289855e-02
2.584307178631e+02 1.159420289855e-02
2.594323873122e+02 1.133773680772e-02
2.604340567613e+02 9.232779269797e-03
2.614357262104e+02 8.695652173913e-03
2.624373956594e+02 8.695652173913e-03
2.634390651085e+02 8.695652173913e-03
2.644407345576e+02 8.695652173913e-03
2.654424040067e+02 7.403643754083e-03
2.664440734558e+02 5.797101449275e-03
2.674457429048e+02 5.797101449275e-03
2.684474123539e+02 5.797101449275e-03
2.694490818030e+02 5.797101449275e-03
2.704507512521e+02 5.797101449275e-03
2.714524207012e+02 5.797101449275e-03
2.724540901503e+02 4.263143887155e-03
2.734557595993e+02 2.898550724638e-03
2.744574290484e+02 2.898550724638e-03
2.754590984975e+02 2.898550724638e-03
2.764607679466e+02 2.898550724638e-03
2.774624373957e+02 2.898550724638e-03
2.784641068447e+02 2.898550724638e-03
2.794657762938e+02 2.898550724638e-03
2.804674457429e+02 2.898550724638e-03
2.814691151920e+02 2.898550724638e-03
2.824707846411e+02 2.898550724638e-03
2.834724540902e+02 2.898550724638e-03
2.844741235392e+02 2.898550724638e-03
2.854757929883e+02 2.898550724638e-03
2.864774624374e+02 2.898550724638e-03
2.874791318865e+02 2.898550724638e-03
2.884808013356e+02 2.898550724638e-03
2.894824707846e+02 2.898550724638e-03
2.904841402337e+02 2.898550724638e-03
2.914858096828e+02 2.898550724638e-03
2.924874791319e+02 2.898550724638e-03
2.934891485810e+02 2.898550724638e-03
2.944908180301e+02 2.898550724638e-03
2.954924874791e+02 2.898550724638e-03
2.964941569282e+02 2.898550724638e-03
2.974958263773e+02 2.898550724638e-03
2.984974958264e+02 2.898550724638e-03
2.994991652755e+02 2.898550724638e-03
3.005008347245e+02 2.898550724638e-03
3.015025041736e+02 2.898550724638e-03
3.025041736227e+02 2.898550724638e-03
3.035058430718e+02 2.898550724638e-03
3.045075125209e+02 2.898550724638e-03
3.055091819699e+02 2.898550724638e-03
3.065108514190e+02 2.898550724638e-03
3.075125208681e+02 2.898550724638e-03
3.085141903172e+02 2.898550724638e-03
3.095158597663e+02 2.898550724638e-03
3.105175292154e+02 2.898550724638e-03
3.115191986644e+02 2.898550724638e-03
3.125208681135e+02 2.898550724638e-03
3.135225375626e+02 2.898550724638e-03
3.145242070117e+02 2.898550724638e-03
3.155258764608e+02 2.898550724638e-03
3.165275459098e+02 2.898550724638e-03
3.175292153589e+02 2.898550724638e-03
3.185308848080e+02 2.898550724638e-03
3.195325542571e+02 2.898550724638e-03
3.205342237062e+02 2.898550724638e-03
3.215358931553e+02 2.898550724638e-03
3.225375626043e+02 2.898550724638e-03
3.235392320534e+02 2.898550724638e-03
3.245409015025e+02 2.898550724638e-03
3.255425709516e+02 2.898550724638e-03
3.265442404007e+02 2.898550724638e-03
3.275459098497e+02 2.898550724638e-03
3.285475792988e+02 2.898550724638e-03
3.295492487479e+02 2.898550724638e-03
3.305509181970e+02 2.898550724638e-03
3.315525876461e+02 2.898550724638e-03
3.325542570952e+02 2.898550724638e-03
3.335559265442e+02 2.898550724638e-03
3.345575959933e+02 2.898550724638e-03
3.355592654424e+02 2.898550724638e-03
3.365609348915e+02 2.898550724638e-03
3.375626043406e+02 2.898550724638e-03
3.385642737896e+02 2.898550724638e-03
3.395659432387e+02 2.898550724638e-03
3.405676126878e+02 2.898550724638e-03
3.415692821369e+02 2.898550724638e-03
3.425709515860e+02 2.898550724638e-03
3.435726210351e+02 2.898550724638e-03
3.445742904841e+02 2.898550724638e-03
3.455759599332e+02 2.898550724638e-03
3.465776293823e+02 2.898550724638e-03
3.475792988314e+02 2.898550724638e-03
3.485809682805e+02 2.898550724638e-03
3.495826377295e+02 2.898550724638e-03
3.505843071786e+02 2.898550724638e-03
3.515859766277e+02 2.898550724638e-03
3.525876460768e+02 2.898550724638e-03
3.535893155259e+02 2.898550724638e-03
3.545909849750e+02 2.898550724638e-03
3.555926544240e+02 2.898550724638e-03
3.565943238731e+02 2.898550724638e-03
3.575959933222e+02 2.898550724638e-03
3.585976627713e+02 2.898550724638e-03
3.595993322204e+02 2.898550724638e-03
3.606010016694e+02 2.898550724638e-03
3.616026711185e+02 2.898550724638e-03
3.626043405676e+02 2.898550724638e-03
3.636060100167e+02 2.898550724638e-03
3.646076794658e+02 2.898550724638e-03
3.656093489149e+02 2.898550724638e-03
3.666110183639e+02 2.898550724638e-03
3.676126878130e+02 2.898550724638e-03
3.686143572621e+02 2.898550724638e-03
3.696160267112e+02 2.898550724638e-03
3.706176961603e+02 2.898550724638e-03
3.716193656093e+02 2.898550724638e-03
3.726210350584e+02 2.898550724638e-03
3.736227045075e+02 2.898550724638e-03
3.746243739566e+02 2.898550724638e-03
3.756260434057e+02 2.898550724638e-03
3.766277128548e+02 2.898550724638e-03
3.776293823038e+02 2.898550724638e-03
3.786310517529e+02 2.898550724638e-03
3.796327212020e+02 2.898550724638e-03
3.806343906511e+02 2.898550724638e-03
3.816360601002e+02 2.898550724638e-03
3.826377295492e+02 2.898550724638e-03
3.836393989983e+02 2.898550724638e-03
3.846410684474e+02 2.898550724638e-03
3.856427378965e+02 2.898550724638e-03
3.866444073456e+02 2.898550724638e-03
3.876460767947e+02 2.898550724638e-03
3.886477462437e+02 2.898550724638e-03
3.896494156928e+02 2.898550724638e-03
3.906510851419e+02 2.898550724638e-03
3.916527545910e+02 2.898550724638e-03
3.926544240401e+02 2.898550724638e-03
3.936560934891e+02 2.898550724638e-03
3.946577629382e+02 2.898550724638e-03
3.956594323873e+02 2.898550724638e-03
3.966611018364e+02 2.898550724638e-03
3.976627712855e+02 2.898550724638e-03
3.986644407346e+02 2.898550724638e-03
3.996661101836e+02 2.898550724638e-03
4.006677796327e+02 2.898550724638e-03
4.016694490818e+02 2.898550724638e-03
4.026711185309e+02 2.898550724638e-03
4.036727879800e+02 2.898550724638e-03
4.046744574290e+02 2.898550724638e-03
4.056761268781e+02 2.898550724638e-03
4.066777963272e+02 2.898550724638e-03
4.076794657763e+02 2.898550724638e-03
4.086811352254e+02 2.898550724638e-03
4.096828046745e+02 2.898550724638e-03
4.106844741235e+02 2.898550724638e-03
4.116861435726e+02 2.898550724638e-03
4.126878130217e+02 2.898550724638e-03
4.136894824708e+02 2.898550724638e-03
4.146911519199e+02 2.898550724638e-03
4.156928213689e+02 2.898550724638e-03
4.166944908180e+02 2.898550724638e-03
4.176961602671e+02 2.898550724638e-03
4.186978297162e+02 2.898550724638e-03
4.196994991653e+02 2.898550724638e-03
4.207011686144e+02 2.898550724638e-03
4.217028380634e+02 2.898550724638e-03
4.227045075125e+02 2.898550724638e-03
4.237061769616e+02 2.898550724638e-03
4.247078464107e+02 2.898550724638e-03
4.257095158598e+02 2.898550724638e-03
4.267111853088e+02 2.898550724638e-03
4.277128547579e+02 2.898550724638e-03
4.287145242070e+02 2.898550724638e-03
4.297161936561e+02 2.898550724638e-03
4.307178631052e+02 2.898550724638e-03
4.317195325543e+02 2.898550724638e-03
4.327212020033e+02 2.898550724638e-03
4.337228714524e+02 2.898550724638e-03
4.347245409015e+02 2.898550724638e-03
4.357262103506e+02 2.898550724638e-03
4.367278797997e+02 2.898550724638e-03
4.377295492487e+02 2.898550724638e-03
4.387312186978e+02 2.898550724638e-03
4.397328881469e+02 2.898550724638e-03
4.407345575960e+02 2.898550724638e-03
4.417362270451e+02 2.898550724638e-03
4.427378964942e+02 2.898550724638e-03
4.437395659432e+02 2.898550724638e-03
4.447412353923e+02 2.898550724638e-03
4.457429048414e+02 2.898550724638e-03
4.467445742905e+02 2.898550724638e-03
4.477462437396e+02 2.898550724638e-03
4.487479131886e+02 2.898550724638e-03
4.497495826377e+02 2.898550724638e-03
4.507512520868e+02 2.898550724638e-03
4.517529215359e+02 2.898550724638e-03
4.527545909850e+02 2.898550724638e-03
4.537562604341e+02 2.898550724638e-03
4.547579298831e+02 2.898550724638e-03
4.557595993322e+02 2.898550724638e-03
4.567612687813e+02 2.898550724638e-03
4.577629382304e+02 2.898550724638e-03
4.587646076795e+02 2.898550724638e-03
4.597662771285e+02 2.898550724638e-03
4.607679465776e+02 2.898550724638e-03
4.617696160267e+02 2.898550724638e-03
4.627712854758e+02 2.898550724638e-03
4.637729549249e+02 2.898550724638e-03
4.647746243740e+02 2.898550724638e-03
4.657762938230e+02 2.898550724638e-03
4.667779632721e+02 2.898550724638e-03
4.677796327212e+02 2.898550724638e-03
4.687813021703e+02 2.898550724638e-03
4.697829716194e+02 2.898550724638e-03
4.707846410684e+02 2.898550724638e-03
4.717863105175e+02 2.898550724638e-03
4.727879799666e+02 2.898550724638e-03
4.737896494157e+02 2.898550724638e-03
4.747913188648e+02 2.898550724638e-03
4.757929883139e+02 2.898550724638e-03
4.767946577629e+02 2.898550724638e-03
4.777963272120e+02 2.898550724638e-03
4.787979966611e+02 2.898550724638e-03
4.797996661102e+02 2.898550724638e-03
4.808013355593e+02 2.898550724638e-03
4.818030050083e+02 2.898550724638e-03
4.828046744574e+02 2.898550724638e-03
4.838063439065e+02 2.898550724638e-03
4.848080133556e+02 2.898550724638e-03
4.858096828047e+02 2.898550724638e-03
4.868113522538e+02 2.898550724638e-03
4.878130217028e+02 2.898550724638e-03
4.888146911519e+02 2.898550724638e-03
4.898163606010e+02 2.898550724638e-03
4.908180300501e+02 2.898550724638e-03
4.918196994992e+02 2.898550724638e-03
4.928213689482e+02 2.898550724638e-03
4.938230383973e+02 2.898550724638e-03
4.948247078464e+02 2.898550724638e-03
4.958263772955e+02 2.898550724638e-03
4.968280467446e+02 2.898550724638e-03
4.978297161937e+02 2.898550724638e-03
4.988313856427e+02 2.898550724638e-03
4.998330550918e+02 2.898550724638e-03
5.008347245409e+02 2.898550724638e-03
5.018363939900e+02 2.898550724638e-03
5.028380634391e+02 2.898550724638e-03
5.038397328881e+02 2.898550724638e-03
5.048414023372e+02 2.898550724638e-03
5.058430717863e+02 2.898550724638e-03
5.068447412354e+02 2.898550724638e-03
5.078464106845e+02 2.898550724638e-03
5.088480801336e+02 2.898550724638e-03
5.098497495826e+02 2.898550724638e-03
5.108514190317e+02 2.898550724638e-03
5.118530884808e+02 2.898550724638e-03
5.128547579299e+02 2.898550724638e-03
5.138564273790e+02 2.898550724638e-03
5.148580968280e+02 2.898550724638e-03
5.158597662771e+02 2.898550724638e-03
5.168614357262e+02 2.898550724638e-03
5.178631051753e+02 2.898550724638e-03
5.188647746244e+02 2.898550724638e-03
5.198664440735e+02 2.898550724638e-03
5.208681135225e+02 2.898550724638e-03
5.218697829716e+02 2.898550724638e-03
5.228714524207e+02 2.898550724638e-03
5.238731218698e+02 2.898550724638e-03
5.248747913189e+02 2.898550724638e-03
5.258764607679e+02 2.898550724638e-03
5.268781302170e+02 2.898550724638e-03
5.278797996661e+02 2.898550724638e-03
5.288814691152e+02 2.898550724638e-03
5.298831385643e+02 2.898550724638e-03
5.308848080134e+02 2.898550724638e-03
5.318864774624e+02 2.898550724638e-03
5.328881469115e+02 2.898550724638e-03
5.338898163606e+02 2.898550724638e-03
5.348914858097e+02 2.898550724638e-03
5.358931552588e+02 2.898550724638e-03
5.368948247078e+02 2.898550724638e-03
5.378964941569e+02 2.898550724638e-03
5.388981636060e+02 2.898550724638e-03
5.398998330551e+02 2.898550724638e-03
5.409015025042e+02 2.898550724638e-03
5.419031719533e+02 2.898550724638e-03
5.429048414023e+02 2.898550724638e-03
5.439065108514e+02 2.898550724638e-03
5.449081803005e+02 2.898550724638e-03
5.459098497496e+02 2.898550724638e-03
5.469115191987e+02 2.898550724638e-03
5.479131886477e+02 2.898550724638e-03
5.489148580968e+02 2.898550724638e-03
5.499165275459e+02 2.898550724638e-03
5.509181969950e+02 2.898550724638e-03
5.519198664441e+02 2.898550724638e-03
5.529215358932e+02 2.898550724638e-03
5.539232053422e+02 2.898550724638e-03
5.549248747913e+02 2.898550724638e-03
5.559265442404e+02 2.898550724638e-03
5.569282136895e+02 2.898550724638e-03
5.579298831386e+02 2.898550724638e-03
5.589315525876e+02 2.898550724638e-03
5.599332220367e+02 2.898550724638e-03
5.609348914858e+02 2.898550724638e-03
5.619365609349e+02 2.898550724638e-03
5.629382303840e+02 2.898550724638e-03
5.639398998331e+02 2.898550724638e-03
5.649415692821e+02 2.898550724638e-03
5.659432387312e+02 2.898550724638e-03
5.669449081803e+02 2.898550724638e-03
5.679465776294e+02 2.898550724638e-03
5.689482470785e+02 2.898550724638e-03
5.699499165275e+02 2.898550724638e-03
5.709515859766e+02 2.898550724638e-03
5.719532554257e+02 2.898550724638e-03
5.729549248748e+02 2.898550724638e-03
5.739565943239e+02 2.898550724638e-03
5.749582637730e+02 2.898550724638e-03
5.759599332220e+02 2.898550724638e-03
5.769616026711e+02 2.898550724638e-03
5.779632721202e+02 2.898550724638e-03
5.789649415693e+02 2.898550724638e-03
5.799666110184e+02 2.898550724638e-03
5.809682804674e+02 2.898550724638e-03
5.819699499165e+02 2.898550724638e-03
5.829716193656e+02 2.898550724638e-03
5.839732888147e+02 2.898550724638e-03
5.849749582638e+02 2.898550724638e-03
5.859766277129e+02 2.898550724638e-03
5.869782971619e+02 2.898550724638e-03
5.879799666110e+02 2.898550724638e-03
5.889816360601e+02 2.898550724638e-03
5.899833055092e+02 2.898550724638e-03
5.909849749583e+02 2.898550724638e-03
5.919866444073e+02 2.898550724638e-03
5.929883138564e+02 2.898550724638e-03
5.939899833055e+02 2.898550724638e-03
5.949916527546e+02 2.898550724638e-03
5.959933222037e+02 2.898550724638e-03
5.969949916528e+02 2.898550724638e-03
5.979966611018e+02 2.898550724638e-03
5.989983305509e+02 2.898550724638e-03
6.000000000000e+02 2.898550724638e-03
