3.000000000000e-01 1.136901942207e-03
3.045226130653e-01 8.802606750350e-03
3.090452261307e-01 1.853898199169e-02
3.135678391960e-01 2.842701248246e-02
3.180904522613e-01 3.909227004882e-02
3.226130653266e-01 4.922199207466e-02
3.271356783920e-01 6.064680123436e-02
3.316582914573e-01 7.140743398574e-02
3.361809045226e-01 8.267837612260e-02
3.407035175879e-01 9.362262809942e-02
3.452261306533e-01 1.047315196871e-01
3.497487437186e-01 1.159003564238e-01
3.542713567839e-01 1.262078295391e-01
3.587939698492e-01 1.371765022415e-01
3.633165829146e-01 1.493397818053e-01
3.678391959799e-01 1.614613283412e-01
3.723618090452e-01 1.728150663497e-01
3.768844221106e-01 1.831203189553e-01
3.814070351759e-01 1.917779524570e-01
3.859296482412e-01 1.991483694151e-01
3.904522613065e-01 2.049198511232e-01
3.949748743719e-01 2.103500247935e-01
3.994974874372e-01 2.155167615042e-01
4.040201005025e-01 2.195737396467e-01
4.085427135678e-01 2.232265250751e-01
4.130653266332e-01 2.269887718332e-01
4.175879396985e-01 2.298305653537e-01
4.221105527638e-01 2.315557876870e-01
4.266331658291e-01 2.329673109207e-01
4.311557788945e-01 2.339596410861e-01
4.356783919598e-01 2.349602812726e-01
4.402010050251e-01 2.357087373452e-01
4.447236180905e-01 2.364644925395e-01
4.492462311558e-01 2.368506850848e-01
4.537688442211e-01 2.376350890008e-01
4.582914572864e-01 2.379912989854e-01
4.628140703518e-01 2.383661963747e-01
4.673366834171e-01 2.391505268123e-01
4.718592964824e-01 2.395063919849e-01
4.763819095477e-01 2.398816582441e-01
4.809045226131e-01 2.405560329697e-01
4.854271356784e-01 2.410321222734e-01
4.899497487437e-01 2.417771272376e-01
4.944723618090e-01 2.425602951271e-01
4.989949748744e-01 2.433353113536e-01
5.035175879397e-01 2.440521666606e-01
5.080402010050e-01 2.452223288659e-01
5.125628140704e-01 2.462855437027e-01
5.170854271357e-01 2.478612802256e-01
5.216080402010e-01 2.496689528294e-01
5.261306532663e-01 2.516428159958e-01
5.306532663317e-01 2.539203816910e-01
5.351758793970e-01 2.560768160006e-01
5.396984924623e-01 2.590204046164e-01
5.442211055276e-01 2.615186886859e-01
5.487437185930e-01 2.644233958446e-01
5.532663316583e-01 2.673334280105e-01
5.577889447236e-01 2.705910067328e-01
5.623115577889e-01 2.735082642020e-01
5.668341708543e-01 2.772233328823e-01
5.713567839196e-01 2.801343675121e-01
5.758793969849e-01 2.841906849771e-01
5.804020100503e-01 2.870145104859e-01
5.849246231156e-01 2.910593642307e-01
5.894472361809e-01 2.943322112425e-01
5.939698492462e-01 2.980115189540e-01
5.984924623116e-01 3.016973839871e-01
6.030150753769e-01 3.054348551980e-01
6.075376884422e-01 3.094437059286e-01
6.120603015075e-01 3.134168704406e-01
6.165829145729e-01 3.167181168486e-01
6.211055276382e-01 3.207874500845e-01
6.256281407035e-01 3.248206005674e-01
6.301507537688e-01 3.293024604595e-01
6.346733668342e-01 3.334324643656e-01
6.391959798995e-01 3.380985574383e-01
6.437185929648e-01 3.425039781882e-01
6.482412060302e-01 3.471155452438e-01
6.527638190955e-01 3.517333647361e-01
6.572864321608e-01 3.564690290048e-01
6.618090452261e-01 3.615806907254e-01
6.663316582915e-01 3.665377224868e-01
6.708542713568e-01 3.712608982745e-01
6.753768844221e-01 3.765350929915e-01
6.798994974874e-01 3.816596107849e-01
6.844221105528e-01 3.868700645075e-01
6.889447236181e-01 3.920729617604e-01
6.934673366834e-01 3.972007524593e-01
6.979899497487e-01 4.027869314827e-01
7.025125628141e-01 4.081706401654e-01
7.070351758794e-01 4.131127191025e-01
7.115577889447e-01 4.186316414319e-01
7.160804020101e-01 4.235278454206e-01
7.206030150754e-01 4.287429294823e-01
7.251256281407e-01 4.338220749310e-01
7.296482412060e-01 4.395993437559e-01
7.341708542714e-01 4.449485727275e-01
7.386934673367e-01 4.504885300251e-01
7.432160804020e-01 4.558818618499e-01
7.477386934673e-01 4.612727946456e-01
7.522613065327e-01 4.667422425014e-01
7.567839195980e-01 4.723606229868e-01
7.613065326633e-01 4.776155505472e-01
7.658291457286e-01 4.835180725703e-01
7.703517587940e-01 4.890678057818e-01
7.748743718593e-01 4.950301955457e-01
7.793969849246e-01 5.001696881403e-01
7.839195979899e-01 5.061191415623e-01
7.884422110553e-01 5.120693534108e-01
7.929648241206e-01 5.175821402627e-01
7.974874371859e-01 5.236987361304e-01
8.020100502513e-01 5.295397153298e-01
8.065326633166e-01 5.357463449476e-01
8.110552763819e-01 5.415622618715e-01
8.155778894472e-01 5.473009718717e-01
8.201005025126e-01 5.531953799614e-01
8.246231155779e-01 5.588313203047e-01
8.291457286432e-01 5.644095438372e-01
8.336683417085e-01 5.699000524083e-01
8.381909547739e-01 5.752633601682e-01
8.427135678392e-01 5.810699530363e-01
8.472361809045e-01 5.865644325590e-01
8.517587939698e-01 5.919810309529e-01
8.562814070352e-01 5.972930318561e-01
8.608040201005e-01 6.025062159610e-01
8.653266331658e-01 6.078984307681e-01
8.698492462312e-01 6.128446676579e-01
8.743718592965e-01 6.180536453306e-01
8.788944723618e-01 6.232770485834e-01
8.834170854271e-01 6.284232279020e-01
8.879396984925e-01 6.331860628272e-01
8.924623115578e-01 6.381842122630e-01
8.969849246231e-01 6.435325141343e-01
9.015075376884e-01 6.480008740796e-01
9.060301507538e-01 6.526266090387e-01
9.105527638191e-01 6.575964058699e-01
9.150753768844e-01 6.619689509410e-01
9.195979899497e-01 6.664508173966e-01
9.241206030151e-01 6.704620276251e-01
9.286432160804e-01 6.748766824462e-01
9.331658291457e-01 6.792023732180e-01
9.376884422111e-01 6.830018305496e-01
9.422110552764e-01 6.866535059837e-01
9.467336683417e-01 6.899036856825e-01
9.512562814070e-01 6.935234489963e-01
9.557788944724e-01 6.965276133825e-01
9.603015075377e-01 6.986631994048e-01
9.648241206030e-01 7.007553023748e-01
9.693467336683e-01 7.014668355027e-01
9.738693467337e-01 7.014575693538e-01
9.783919597990e-01 7.002886242773e-01
9.829145728643e-01 6.984567903301e-01
9.874371859296e-01 6.955639392300e-01
9.919597989950e-01 6.911407500061e-01
9.964824120603e-01 6.856122579260e-01
1.001005025126e+00 6.782809970914e-01
1.005527638191e+00 6.694155678546e-01
1.010050251256e+00 6.587188781132e-01
1.014572864322e+00 6.454715696570e-01
1.019095477387e+00 6.297319304964e-01
1.023618090452e+00 6.106326975786e-01
1.028140703518e+00 5.871645463154e-01
1.032663316583e+00 5.611167123010e-01
1.037185929648e+00 5.378871268875e-01
1.041708542714e+00 5.119588472975e-01
1.046231155779e+00 4.832313341757e-01
1.050753768844e+00 4.548955425864e-01
1.055276381910e+00 4.287747414959e-01
1.059798994975e+00 4.009614494365e-01
1.064321608040e+00 3.730371950263e-01
1.068844221106e+00 3.444916626080e-01
1.073366834171e+00 3.167626953262e-01
1.077889447236e+00 2.889004233812e-01
1.082412060302e+00 2.628956868450e-01
1.086934673367e+00 2.376289863948e-01
1.091457286432e+00 2.138188581412e-01
1.095979899497e+00 1.913241470301e-01
1.100502512563e+00 1.702194019478e-01
1.105025125628e+00 1.505213651924e-01
1.109547738693e+00 1.321581367246e-01
1.114070351759e+00 1.155079419427e-01
1.118592964824e+00 9.972220194861e-02
1.123115577889e+00 8.274111115580e-02
1.127638190955e+00 6.463060417494e-02
1.132160804020e+00 4.590250736061e-02
1.136683417085e+00 2.683806178903e-02
1.141206030151e+00 7.806987487625e-03
1.145728643216e+00 3.789864131124e-04
1.150251256281e+00 3.789673138591e-04
1.154773869347e+00 3.789673140692e-04
1.159296482412e+00 3.789673140692e-04
1.163819095477e+00 3.789673140692e-04
1.168341708543e+00 3.789673140692e-04
1.172864321608e+00 3.789673140692e-04
1.177386934673e+00 3.789673140692e-04
1.181909547739e+00 3.789673140692e-04
1.186432160804e+00 3.789673140692e-04
1.190954773869e+00 3.789673140692e-04
1.195477386935e+00 3.789673140692e-04
1.200000000000e+00 3.789673140692e-04
